score_mean: 0.8075715886201914
score_stdev: 0.29354774702079045
score_mode: 0.9889538281666516
score_median: 0.9524259247283691
